10,283
10,79
10,249
10,287
10,233
10,111
10,149
11,9
11,27
11,25
11,13
11,19
11,15
11,7
9,5
8,18
8,7
50,4
8,5
50,3
8,8
50,2
50,1
50,0
49,3
49,2
49,1
49,0
48,3
48,2
48,1
48,0
47,5
47,4
47,3
47,2
47,1
47,0
46,4
46,3
46,2
46,1
46,0
44,5
44,4
44,3
44,2
44,1
44,0
41,5
41,4
41,3
41,2
41,1
41,0
39,5
39,4
39,1
39,3
39,2
35,4
35,3
35,1
30,1
30,3
27,3
27,1
20,3
20,2
20,1
19,2
19,1
12,3
19,3
12,2
12,1
11,26
11,24
11,22
11,20
11,14
11,12
11,10
11,3
11,2
11,1
10,268
10,184
10,176
10,146
10,136
10,68
10,66
10,34
10,3
10,2
10,1
9,7
9,6
9,4
9,3
18,1
9,2
18,3
9,1
14,1
8,15
