27,3
27,2
27,1
27,0
26,3
26,2
26,1
26,0
25,3
25,2
0,9
25,1
25,0
24,35
3,2
3,1
3,3
10,137
10,109
10,301
10,255
10,177
10,35
10,303
10,1
10,133
11,13
11,7
11,27
11,19
11,23
11,21
11,17
11,2
11,3
12,2
12,1
12,3
11,1
11,29
10,3
10,2
10,0
9,7
9,6
9,5
9,4
9,3
9,2
9,1
9,0
8,18
8,17
8,16
8,15
8,14
8,13
8,12
8,11
8,10
8,9
8,8
8,7
8,6
8,5
8,3
8,2
8,1
8,0
0,511
0,510
0,509
0,508
0,507
0,506
0,505
0,504
20,2
0,503
20,1
0,502
20,3
0,501
0,500
0,499
0,498
0,497
0,496
0,495
0,494
0,493
0,492
0,491
0,490
0,489
0,488
0,487
